kept        dropped        max_kep        over_keep        max_infer        over_infer        max_nincreasing        over_increasing        max_nreachable        over_nreachable

377485    2533604    4    404306    271    3165117    2    8625    3959    1560450

344612    2520452    4    374452    245    2978907    2    5564    4095    1675110

371489    2544212    4    404674    244    2792684    2    4880    4434    1914147

336081    2498166    4    366661    257    2905800    2    4301    3612    1692689

342615    2533964    5    373278    263    2960287    2    4733    3965    1707880

343202    2522243    4    370059    266    2889048    2    4806    4069    1754556

358888    2505883    5    391579    228    2713030    2    4342    4484    1899986

331218    2544312    4    350624    266    2780044    2    5111    3967    1697000

342754    2534606    4    372058    248    2969961    2    4933    3868    1699945

344563    2538345    5    376810    287    2967625    2    4253    3757    1706719
