kept        dropped        max_kep        over_keep        max_infer        over_infer        max_nincreasing        over_increasing        max_nreachable        over_nreachable

611    892197    32    630    106139    235553    3651    11935    335110    1250306

1143    521415    35    1167    76267    167949    9448    15923    167587    654301

1365    576782    36    1388    78578    180141    6132    11649    163883    746364

958    829085    34    993    131693    295305    5933    14653    196882    1164787

705    811966    32    728    97149    213098    3345    11555    312182    1126048
