kept        dropped        max_kep        over_keep        max_infer        over_infer        max_nincreasing        over_increasing        max_nreachable        over_nreachable

8132    174220    5    10212    178    87080    0    0    319    261069

8051    190577    5    10155    194    95405    0    0    275    290847

7908    172916    5    9931    175    87941    0    0    275    262931

7956    177396    5    10021    203    89487    0    0    284    267307

8120    179585    5    10211    186    91248    0    0    269    266216

7885    194430    5    9863    215    96581    0    0    306    297099

8110    181059    5    10186    173    89851    0    0    336    273561

8146    192703    5    10264    192    97638    0    0    266    290644
t
8108    195798    5    10205    190    98783    0    0    279    297984

7859    187630    5    9926    192    95183    0    0    273    285409
