kept        dropped        max_kep        over_keep        max_infer        over_infer        max_nincreasing        over_increasing        max_nreachable        over_nreachable

2125    317587    36    2750    60504    811613    8206    83502    28709    1125034

2164    312391    35    2806    56815    817625    7289    76966    22478    1114595

2335    321410    38    3040    67251    898052    8360    85706    25278    1092544

2153    307034    41    2763    56877    772971    5952    70404    21571    1108913

2284    334291    36    2940    69166    930389    8305    86844    26123    1148221
